Training 1/15
w = [0.000000, 0.000000, 0.000000, 0.000000, 0.000000, 0.000000, 0.000000, 0.000000, 0.000000, 0.056495, 0.000000, 0.000000, ]

Training 2/15
w = [0.000000, 0.000000, 0.000000, 0.000000, 0.000000, 0.882444, 0.000000, 0.000000, 0.000000, 0.000000, 0.000000, 0.000000, ]

Training 3/15
w = [0.000000, 0.459563, 0.000000, 0.000000, 0.000000, 0.296912, 0.000000, 0.000000, 0.000000, 0.000000, 0.000000, 0.000000, ]

Training 4/15
w = [0.000000, 0.000000, 0.000000, 0.000000, 0.000000, 0.653161, 0.075649, 0.000000, 0.030756, 0.632210, 0.000000, 0.000000, ]

Training 5/15
w = [0.000000, 0.000000, 0.000000, 0.000000, 0.000000, 0.439457, 0.000000, 0.000000, 0.000000, 0.202737, 0.000000, 0.000000, ]

Training 6/15
w = [0.000000, 0.000000, 0.000000, 0.036134, 0.000000, 0.604208, 0.000000, 0.000000, 0.000000, 0.000000, 0.000000, 0.000000, ]

Training 7/15
w = [0.000000, 0.000000, 0.000000, 0.000000, 0.000000, 0.837805, 0.000000, 0.000000, 0.000000, 0.000000, 0.000000, 0.000000, ]

Training 8/15
w = [0.000000, 0.830805, 0.000000, 0.000000, 0.000000, 0.469048, 0.000000, 0.000000, 0.000000, 0.000000, 0.000000, 0.000000, ]

Training 9/15
w = [0.000000, 0.582630, 0.000000, 0.000000, 0.000000, 0.410678, 0.000000, 0.000000, 0.000000, 0.000000, 0.000000, 0.000000, ]

Training 10/15
w = [0.000000, 0.000000, 0.000000, 0.000000, 0.000000, 0.748227, 0.000000, 0.000000, 0.000000, 0.742072, 0.079982, 0.000000, ]

Training 11/15
w = [0.000000, 0.000000, 0.000000, 0.000000, 0.000000, 0.675302, 0.000000, 0.000000, 0.000000, 0.058470, 0.000000, 0.000000, ]

Training 12/15
w = [0.000000, 0.000000, 0.000000, 0.000000, 0.000000, 0.301358, 0.000000, 0.000000, 0.000000, 0.148419, 0.000000, 0.000000, ]

Training 13/15
w = [0.000000, 0.742218, 0.000000, 0.000000, 0.000000, 0.435941, 0.000000, 0.000000, 0.000000, 0.000000, 0.000000, 0.000000, ]

Training 14/15
w = [0.000000, 0.000000, 0.000000, 0.000000, 0.000000, 0.689812, 0.000000, 0.000000, 0.000000, 0.410544, 0.000000, 0.000000, ]

Training 15/15
w = [0.000000, 0.989338, 0.000000, 0.000000, 0.030661, 0.638407, 0.000000, 0.000000, 0.000000, 0.000000, 0.000000, 0.000000, ]

