Training 1/15
w = [0.000000, 0.000000, 0.000000, 0.756444, 0.000000, 0.935452, 0.000000, 0.000000, 0.000000, 0.000000, 0.371892, 0.000000, ]

Training 2/15
w = [0.000000, 0.634303, 0.000000, 0.064867, 0.000000, 0.913629, 0.000000, 0.000000, 0.000000, 0.510541, 0.000000, 0.000000, ]

Training 3/15
w = [0.000000, 0.435914, 0.218652, 0.000000, 0.000000, 0.620409, 0.000000, 0.000000, 0.000000, 0.000000, 0.000000, 0.000000, ]

Training 4/15
w = [0.000000, 0.835718, 0.000000, 0.876885, 0.000000, 0.909714, 0.000000, 0.000000, 0.000000, 0.000000, 0.000000, 0.000000, ]

Training 5/15
w = [0.000000, 0.000000, 0.000000, 0.000000, 0.000000, 0.665241, 0.000000, 0.000000, 0.101538, 0.531343, 0.058185, 0.000000, ]

Training 6/15
w = [0.000000, 0.581786, 0.000000, 0.000000, 0.000000, 0.848521, 0.626066, 0.000000, 0.000000, 0.000000, 0.000000, 0.000000, ]

Training 7/15
w = [0.000000, 0.839196, 0.000000, 0.000000, 0.000000, 0.859613, 0.316889, 0.000000, 0.000000, 0.034182, 0.000000, 0.000000, ]

Training 8/15
w = [0.000000, 0.000000, 0.000000, 0.000000, 0.000000, 0.200269, 0.000000, 0.000000, 0.000000, 0.000000, 0.000000, 0.000000, ]

Training 9/15
w = [0.000000, 0.000000, 0.000000, 0.000000, 0.000000, 0.558718, 0.272451, 0.000000, 0.000000, 0.000000, 0.000000, 0.000000, ]

Training 10/15
w = [0.000000, 0.000000, 0.000000, 0.000000, 0.000000, 0.264136, 0.000000, 0.000000, 0.000000, 0.000000, 0.000000, 0.000000, ]

Training 11/15
w = [0.000000, 0.672979, 0.000000, 0.980364, 0.283494, 0.995005, 0.000000, 0.000000, 0.000000, 0.000000, 0.000000, 0.000000, ]

Training 12/15
w = [0.000000, 0.000000, 0.000000, 0.000000, 0.000000, 0.170713, 0.000000, 0.000000, 0.000000, 0.000000, 0.000000, 0.000000, ]

Training 13/15
w = [0.000000, 0.000000, 0.000000, 0.294219, 0.000000, 0.833787, 0.000000, 0.000000, 0.000000, 0.000000, 0.590689, 0.000000, ]

Training 14/15
w = [0.009588, 0.485652, 0.000000, 0.000000, 0.000000, 0.980656, 0.466677, 0.000000, 0.000000, 0.287177, 0.459918, 0.000000, ]

Training 15/15
w = [0.000000, 0.000000, 0.000000, 0.000000, 0.000000, 0.793997, 0.000000, 0.000000, 0.000000, 0.000000, 0.000000, 0.000000, ]

