Training 1/15
w = [0.000000, 0.000000, 0.563377, 0.000000, 0.000000, 0.796634, 0.000000, 0.000000, 0.000000, 0.000000, 0.000000, 0.000000, ]

Training 2/15
w = [0.882703, 0.381039, 0.000000, 0.850599, 0.123573, 0.919141, 0.144614, 0.000000, 0.646741, 0.166244, 0.046218, 0.031357, ]

Training 3/15
w = [0.000000, 0.000000, 0.000000, 0.000000, 0.000000, 0.123206, 0.000000, 0.000000, 0.000000, 0.000000, 0.000000, 0.000000, ]

Training 4/15
w = [0.000000, 0.000000, 0.000000, 0.000000, 0.000000, 0.495609, 0.000000, 0.000000, 0.000000, 0.000000, 0.000000, 0.000000, ]

Training 5/15
w = [0.683706, 0.000000, 0.000000, 0.000000, 0.000000, 0.725886, 0.000000, 0.000000, 0.252195, 0.000000, 0.000000, 0.000000, ]

Training 6/15
w = [0.000000, 0.000000, 0.000000, 0.000000, 0.000000, 0.953836, 0.000000, 0.000000, 0.000000, 0.000000, 0.000000, 0.000000, ]

Training 7/15
w = [0.000000, 0.000000, 0.000000, 0.000000, 0.000000, 0.635945, 0.000000, 0.000000, 0.000000, 0.000000, 0.000000, 0.000000, ]

Training 8/15
w = [0.000000, 0.000000, 0.000000, 0.000000, 0.000000, 0.578544, 0.000000, 0.000000, 0.000000, 0.000000, 0.087482, 0.000000, ]

Training 9/15
w = [0.000000, 0.000000, 0.000000, 0.027919, 0.000000, 0.511181, 0.000000, 0.000000, 0.000000, 0.000000, 0.000000, 0.000000, ]

Training 10/15
w = [0.000000, 0.000000, 0.000000, 0.000000, 0.182086, 0.224714, 0.000000, 0.000000, 0.000000, 0.000000, 0.000000, 0.000000, ]

Training 11/15
w = [0.509991, 0.000000, 0.000000, 0.096427, 0.000000, 0.710280, 0.000000, 0.000000, 0.596606, 0.132061, 0.000000, 0.000000, ]

Training 12/15
w = [0.703568, 0.000000, 0.000000, 0.000000, 0.000000, 0.697965, 0.000000, 0.000000, 0.198670, 0.082972, 0.000000, 0.110312, ]

Training 13/15
w = [0.000000, 0.000000, 0.000000, 0.386187, 0.000000, 0.912937, 0.128239, 0.000000, 0.062975, 0.000000, 0.116352, 0.223043, ]

Training 14/15
w = [0.919579, 0.008453, 0.174662, 0.023500, 0.047399, 0.969701, 0.000000, 0.169572, 0.707191, 0.091399, 0.000000, 0.000000, ]

Training 15/15
w = [0.000000, 0.000000, 0.000000, 0.000000, 0.000000, 0.134547, 0.000000, 0.000000, 0.000000, 0.000000, 0.000000, 0.000000, ]

