Training 1/15
w = [0.000000, 0.030577, 0.000000, 0.000000, 0.000000, 0.000000, 0.000000, 0.000000, 0.000000, 0.000000, 0.000000, 0.000000, ]

Training 2/15
w = [0.000000, 0.197148, 0.000000, 0.008410, 0.000000, 0.000000, 0.000000, 0.000000, 0.000000, 0.000000, 0.544509, 0.000000, ]

Training 3/15
w = [0.000000, 0.860126, 0.000000, 0.000000, 0.000000, 0.000000, 0.171523, 0.000000, 0.000000, 0.000000, 0.000000, 0.000000, ]

Training 4/15
w = [0.000000, 0.407159, 0.000000, 0.000000, 0.000000, 0.160659, 0.000000, 0.000000, 0.000000, 0.000000, 0.000000, 0.000000, ]

Training 5/15
w = [0.000000, 0.199736, 0.000000, 0.000000, 0.000000, 0.000000, 0.000000, 0.000000, 0.000000, 0.000000, 0.000000, 0.000000, ]

Training 6/15
w = [0.000000, 0.124286, 0.000000, 0.000000, 0.000000, 0.000000, 0.000000, 0.000000, 0.000000, 0.000000, 0.933158, 0.000000, ]

Training 7/15
w = [0.000000, 0.619821, 0.000000, 0.000000, 0.000000, 0.000000, 0.000000, 0.000000, 0.000000, 0.000000, 0.000000, 0.000000, ]

Training 8/15
w = [0.000000, 0.400318, 0.000000, 0.000000, 0.000000, 0.000000, 0.000000, 0.000000, 0.000000, 0.092542, 0.924738, 0.000000, ]

Training 9/15
w = [0.000000, 0.761966, 0.000000, 0.000000, 0.000000, 0.000000, 0.144836, 0.000000, 0.000000, 0.000000, 0.000000, 0.000000, ]

Training 10/15
w = [0.000000, 0.195911, 0.000000, 0.000000, 0.000000, 0.000000, 0.029167, 0.000000, 0.000000, 0.000000, 0.038300, 0.000000, ]

Training 11/15
w = [0.000000, 0.598348, 0.000000, 0.000000, 0.000000, 0.302607, 0.000000, 0.000000, 0.000000, 0.000000, 0.000000, 0.000000, ]

Training 12/15
w = [0.000000, 0.562788, 0.000000, 0.000000, 0.000000, 0.111714, 0.000000, 0.000000, 0.000000, 0.000000, 0.000000, 0.000000, ]

Training 13/15
w = [0.000000, 0.970306, 0.000000, 0.010497, 0.000000, 0.471473, 0.000000, 0.000000, 0.154810, 0.097916, 0.434898, 0.000000, ]

Training 14/15
w = [0.000000, 0.778607, 0.000000, 0.000000, 0.000000, 0.223573, 0.136836, 0.000000, 0.000000, 0.000000, 0.000000, 0.000000, ]

Training 15/15
w = [0.000000, 0.163564, 0.000000, 0.000000, 0.000000, 0.000000, 0.000000, 0.050635, 0.000000, 0.000000, 0.960538, 0.000000, ]

