Training 1/15
w = [0.000000, 0.000000, 0.000000, 0.000000, 0.369475, 0.168316, 0.000000, 0.000000, 0.000000, 0.000000, 0.311231, 0.056620, ]

Training 2/15
w = [0.000000, 0.350752, 0.000000, 0.000000, 0.369302, 0.775268, 0.000000, 0.000000, 0.087334, 0.000000, 0.736565, 0.000000, ]

Training 3/15
w = [0.000000, 0.451069, 0.000000, 0.639441, 0.000000, 0.246584, 0.000000, 0.092190, 0.000000, 0.000000, 0.985782, 0.000000, ]

Training 4/15
w = [0.000000, 0.000000, 0.000000, 0.000000, 0.000000, 0.826765, 0.000000, 0.000000, 0.000000, 0.007358, 0.512634, 0.439457, ]

Training 5/15
w = [0.000000, 0.226018, 0.000000, 0.133222, 0.000000, 0.859576, 0.000000, 0.000000, 0.000000, 0.000000, 0.903231, 0.060621, ]

Training 6/15
w = [0.000000, 0.000000, 0.000000, 0.153364, 0.534242, 0.646764, 0.294697, 0.059677, 0.000000, 0.160869, 0.683811, 0.001099, ]

Training 7/15
w = [0.000000, 0.000000, 0.000000, 0.672483, 0.000000, 0.948836, 0.000000, 0.000000, 0.084387, 0.000000, 0.608725, 0.000000, ]

Training 8/15
w = [0.000000, 0.626579, 0.000000, 0.000000, 0.654109, 0.814372, 0.748010, 0.000000, 0.000000, 0.067318, 0.491787, 0.079161, ]

Training 9/15
w = [0.293298, 0.328471, 0.362286, 0.116507, 0.750214, 0.683997, 0.146444, 0.000000, 0.000000, 0.179590, 0.700976, 0.613624, ]

Training 10/15
w = [0.133069, 0.639577, 0.291895, 0.351925, 0.852746, 0.954524, 0.539084, 0.286115, 0.119992, 0.224692, 0.857358, 0.365217, ]

Training 11/15
w = [0.000000, 0.000000, 0.000000, 0.000000, 0.443485, 0.496032, 0.000000, 0.094289, 0.000000, 0.000000, 0.483875, 0.000000, ]

Training 12/15
w = [0.000000, 0.000000, 0.000000, 0.000000, 0.644210, 0.787714, 0.000000, 0.000000, 0.083540, 0.000000, 0.517566, 0.410872, ]

Training 13/15
w = [0.000000, 0.752026, 0.000000, 0.000000, 0.652828, 0.726889, 0.000000, 0.513509, 0.000000, 0.000000, 0.365544, 0.000000, ]

Training 14/15
w = [0.051359, 0.126319, 0.012102, 0.230180, 0.745810, 0.957600, 0.125712, 0.139511, 0.254403, 0.034196, 0.937004, 0.138255, ]

Training 15/15
w = [0.000000, 0.000000, 0.000000, 0.000000, 0.483853, 0.583600, 0.000000, 0.000000, 0.000000, 0.302290, 0.740673, 0.000000, ]

