Training 1/15
w = [0.000000, 0.000000, 0.000000, 0.000000, 0.000000, 0.020383, 0.000000, 0.000000, 0.000000, 0.000000, 0.000000, 0.000000, ]

Training 2/15
w = [0.000000, 0.000000, 0.000000, 0.000000, 0.000000, 0.425864, 0.000000, 0.000000, 0.119414, 0.000000, 0.000000, 0.000000, ]

Training 3/15
w = [0.000000, 0.000000, 0.000000, 0.000000, 0.000000, 0.215990, 0.000000, 0.000000, 0.000000, 0.000000, 0.000000, 0.000000, ]

Training 4/15
w = [0.000000, 0.000000, 0.000000, 0.000000, 0.000000, 0.834153, 0.000000, 0.000000, 0.000000, 0.000000, 0.000000, 0.000000, ]

Training 5/15
w = [0.744782, 0.000000, 0.000000, 0.000000, 0.000000, 0.987989, 0.000000, 0.000000, 0.000000, 0.000000, 0.000000, 0.000000, ]

Training 6/15
w = [0.000000, 0.000000, 0.000000, 0.000000, 0.000000, 0.411241, 0.000000, 0.000000, 0.000000, 0.000000, 0.000000, 0.000000, ]

Training 7/15
w = [0.000000, 0.000000, 0.000000, 0.000000, 0.000000, 0.032190, 0.000000, 0.000000, 0.000000, 0.000000, 0.000000, 0.000000, ]

Training 8/15
w = [0.000000, 0.000000, 0.000000, 0.000000, 0.000000, 0.517877, 0.000000, 0.000000, 0.000000, 0.000000, 0.000000, 0.000000, ]

Training 9/15
w = [0.000000, 0.000000, 0.000000, 0.061541, 0.000000, 0.853163, 0.000000, 0.000000, 0.000000, 0.000000, 0.000000, 0.000000, ]

Training 10/15
w = [0.000000, 0.000000, 0.000000, 0.000000, 0.000000, 0.388748, 0.000000, 0.000000, 0.000000, 0.000000, 0.000000, 0.000000, ]

Training 11/15
w = [0.000000, 0.000000, 0.000000, 0.000000, 0.000000, 0.232747, 0.000000, 0.000000, 0.000000, 0.000000, 0.000000, 0.000000, ]

Training 12/15
w = [0.000000, 0.000000, 0.000000, 0.000000, 0.000000, 0.522720, 0.000000, 0.000000, 0.000000, 0.000000, 0.000000, 0.000000, ]

Training 13/15
w = [0.000000, 0.000000, 0.000000, 0.000000, 0.000000, 0.431310, 0.000000, 0.000000, 0.000000, 0.000000, 0.000000, 0.039902, ]

Training 14/15
w = [0.000000, 0.000000, 0.000000, 0.000000, 0.000000, 0.585624, 0.198148, 0.000000, 0.000000, 0.000000, 0.000000, 0.000000, ]

Training 15/15
w = [0.000000, 0.000000, 0.000000, 0.538329, 0.000000, 0.860558, 0.000000, 0.000000, 0.000000, 0.000000, 0.000000, 0.000000, ]

