Training 1/15
w = [0.000000, 0.000000, 0.000000, 0.000000, 0.000000, 0.911486, 0.067519, 0.000000, 0.000000, 0.000000, 0.943118, 0.000000, ]

Training 2/15
w = [0.000000, 0.215314, 0.000000, 0.000000, 0.000000, 0.000000, 0.000000, 0.000000, 0.000000, 0.000000, 0.751529, 0.000000, ]

Training 3/15
w = [0.000000, 0.046144, 0.000000, 0.000000, 0.000000, 0.323805, 0.000000, 0.000000, 0.000000, 0.000000, 0.502770, 0.000000, ]

Training 4/15
w = [0.000000, 0.063777, 0.000000, 0.000000, 0.000000, 0.000000, 0.000000, 0.000000, 0.000000, 0.000000, 0.209879, 0.000000, ]

Training 5/15
w = [0.000000, 0.000000, 0.000000, 0.000000, 0.000000, 0.551969, 0.000000, 0.000000, 0.000000, 0.000000, 0.560150, 0.000000, ]

Training 6/15
w = [0.000000, 0.283023, 0.000000, 0.000000, 0.000000, 0.000000, 0.000000, 0.000000, 0.000000, 0.000000, 0.793086, 0.000000, ]

Training 7/15
w = [0.000000, 0.000000, 0.000000, 0.000000, 0.000000, 0.854513, 0.000000, 0.000000, 0.000000, 0.000000, 0.949372, 0.000000, ]

Training 8/15
w = [0.000000, 0.000000, 0.000000, 0.000000, 0.000000, 0.000000, 0.000000, 0.000000, 0.000000, 0.000000, 0.310178, 0.000000, ]

Training 9/15
w = [0.000000, 0.000000, 0.000000, 0.000000, 0.000000, 0.000000, 0.000000, 0.000000, 0.000000, 0.000000, 0.742792, 0.000000, ]

Training 10/15
w = [0.000000, 0.000000, 0.000000, 0.000000, 0.000000, 0.000000, 0.000000, 0.000000, 0.000000, 0.000000, 0.134396, 0.000000, ]

Training 11/15
w = [0.000000, 0.029991, 0.000000, 0.000000, 0.000000, 0.000000, 0.000000, 0.000000, 0.000000, 0.000000, 0.196629, 0.000000, ]

Training 12/15
w = [0.000000, 0.000000, 0.000000, 0.000000, 0.000000, 0.000000, 0.000000, 0.000000, 0.000000, 0.000000, 0.098386, 0.000000, ]

Training 13/15
w = [0.000000, 0.027003, 0.000000, 0.059527, 0.000000, 0.000000, 0.000000, 0.000000, 0.000000, 0.000000, 0.970037, 0.000000, ]

Training 14/15
w = [0.000000, 0.000000, 0.000000, 0.000000, 0.000000, 0.000000, 0.000000, 0.000000, 0.000000, 0.000000, 0.760886, 0.000000, ]

Training 15/15
w = [0.000000, 0.000000, 0.000000, 0.000000, 0.000000, 0.000000, 0.002954, 0.000000, 0.000000, 0.000000, 0.699276, 0.000000, ]
